24
0 0 0 0 0 0 0 -48.8998 0 0 0
0 0 0 0 0 0 0 -70.2995 0 0 0
0 0 0 0 0 0 0 -78.5994 0 0 0
0 0 0 0 0 0 0 -60.4996 0 0 0
0 0 0 0 0 0 0 -32.0001 0 0 0
0 0 0 0 0 0 0 -8.8 0 0 0
0 0 0 0 0 0 0 -1.8 0 0 0
0 0 0 0 0 0 0 -1.8 0 -8.4 0
0 0 0 0 0 0 0 -1.8 -32.9001 -8.4 0
0 0 0 0 0 0 0 -1.8 -52.3998 -8.4 0
0 0 0 0 0 0 0 -1.8 -52.3998 -24.2001 0
0 0 0 0 0 0 0 -1.8 -52.3998 -34.2001 0
0 -0.062 0 0 0 0 0 -1.8 -52.3998 -34.2001 0
0 -0.088 0 0 0 0 0 -1.8 -52.3998 -34.2001 0
0 -0.088 0 0 0 0 32.1001 -40.3 -52.3998 -34.2001 0
0 -0.088 0 0 0 0 32.1001 -40.3 -52.3998 -16 0
0 -0.088 0 0 0 0 32.1001 -40.3 -74.4994 -16 0
0 -0.088 0 0 0 0 73.7994 -80.1993 -74.4994 -16 0
0 -0.088 0 0 0 0 73.7994 -80.1993 -74.4994 -3.9 0
0 -0.088 0 0.7 0 0 73.7994 -80.1993 -74.4994 -3.9 107.499
0 -0.088 0 0.7 0 0 73.7994 -80.1993 -74.4994 -3.9 174.201
0 -0.088 0 0.7 0 0 73.7994 -80.1993 -74.4994 -3.9 7.29999
0 -0.088 0 0.7 0 0 36.4 -41.0999 -45.0999 -3.9 7.29999
0 0.044 0 0.7 0 0 -9.5 7.9 11.1 -3.9 7.29999
